 0.99990  0.00000  0.00000  0.00050  0.00000  0.00500  0.00000  0.00000  0.00000  0.00000
 0.00000  0.99990  0.00073  0.00000  0.00000  0.00000  0.00500  0.00000  0.00000  0.00000
 0.00000  0.00010  0.99632  0.00000  0.00000  0.00000  0.00000  0.00499  0.00000  0.00000
 0.00010  0.00000  0.00000  0.99750  0.00000  0.00000  0.00000  0.00000  0.00500  0.00000
 0.00000  0.00000  0.00000  0.00000  1.00000  0.00000  0.00000  0.00000  0.00000  0.00500
-0.04036  0.00000  0.00000  0.19801  0.00000  0.99990  0.00000  0.00000  0.00050  0.00000
 0.00000 -0.04036  0.29108  0.00000  0.00000  0.00000  0.99990  0.00073  0.00000  0.00000
 0.00000  0.04032 -1.46998  0.00000  0.00000  0.00000  0.00010  0.99632  0.00000  0.00000
 0.04034  0.00000  0.00000 -0.99998  0.00000  0.00010  0.00000  0.00000  0.99750  0.00000
 0.00000  0.00000  0.00000  0.00000  0.00000  0.00000  0.00000  0.00000  0.00000  1.00000
